Epoch:0000,Loss:1.8685,Time:0.65 mins
Epoch:0001,Loss:0.9500,Time:0.65 mins
Epoch:0002,Loss:0.9093,Time:0.66 mins
Epoch:0003,Loss:0.7655,Time:0.69 mins
Epoch:0004,Loss:0.5621,Time:0.67 mins
每个TM测试时间: 8.848442542209396 毫秒（ms）
---------------- 1 ----------------
mse: 0.0013587191
mae: 0.015334781
rmse: 0.036860806786630146
r2: tensor(0.6442)
---------------- 1 ----------------
