Epoch:0000,Loss:10.3203,Time:0.02 mins
Epoch:0001,Loss:4.0077,Time:0.02 mins
Epoch:0002,Loss:1.9476,Time:0.02 mins
Epoch:0003,Loss:1.2233,Time:0.02 mins
Epoch:0004,Loss:0.9969,Time:0.02 mins
每个TM测试时间: 2.7490098076706 毫秒（ms）
---------------- 1 ----------------
mse: 0.0028170957
mae: 0.021052878
rmse: 0.053076319795207626
r2: tensor(0.2624)
---------------- 1 ----------------
