Epoch:0000,Loss:0.3936,Time:0.42 mins
Epoch:0001,Loss:0.2842,Time:0.42 mins
Epoch:0002,Loss:0.2508,Time:0.42 mins
Epoch:0003,Loss:0.2402,Time:0.42 mins
Epoch:0004,Loss:0.2364,Time:0.42 mins
每个TM测试时间: 5.663881797601681 毫秒（ms）
---------------- 1 ----------------
mse: 0.00042791062
mae: 0.0069675683
rmse: 0.020686000616620376
r2: tensor(0.8880)
---------------- 1 ----------------
