Epoch:0000,Loss:2.4811,Time:0.45 mins
Epoch:0001,Loss:0.3712,Time:0.44 mins
Epoch:0002,Loss:0.2808,Time:0.44 mins
Epoch:0003,Loss:0.2586,Time:0.44 mins
Epoch:0004,Loss:0.2659,Time:0.44 mins
每个TM测试时间: 6.16642924185541 毫秒（ms）
---------------- 1 ----------------
mse: 0.00045139098
mae: 0.007811603
rmse: 0.02124596386947111
r2: tensor(0.8818)
---------------- 1 ----------------
