Epoch:0000,Loss:18.7122,Time:0.45 mins
Epoch:0001,Loss:1.3529,Time:0.44 mins
Epoch:0002,Loss:0.3449,Time:0.45 mins
Epoch:0003,Loss:0.2805,Time:0.45 mins
Epoch:0004,Loss:0.2620,Time:0.45 mins
每个TM测试时间: 7.210140742493149 毫秒（ms）
---------------- 1 ----------------
mse: 0.0005086568
mae: 0.010703632
rmse: 0.022553420660624816
r2: tensor(0.8668)
---------------- 1 ----------------
