Epoch:0000,Loss:3.9407,Time:0.49 mins
Epoch:0001,Loss:0.5601,Time:0.50 mins
Epoch:0002,Loss:0.3756,Time:0.50 mins
Epoch:0003,Loss:0.3480,Time:0.49 mins
Epoch:0004,Loss:0.3224,Time:0.49 mins
每个TM测试时间: 6.300731158899308 毫秒（ms）
---------------- 1 ----------------
mse: 0.0006201221
mae: 0.009014907
rmse: 0.024902251421065363
r2: tensor(0.8376)
---------------- 1 ----------------
